{
 "cells": [
  {
   "cell_type": "code",
   "execution_count": 1,
   "id": "29c25a71",
   "metadata": {},
   "outputs": [],
   "source": [
    "import torch\n",
    "from math import factorial, ceil\n",
    "# from pytorch3d.io import load_obj\n",
    "import timeit\n",
    "import numpy as np"
   ]
  },
  {
   "cell_type": "code",
   "execution_count": 2,
   "id": "0c4670a9",
   "metadata": {
    "scrolled": true
   },
   "outputs": [],
   "source": [
    "v_matrix = [[0, 0, 0], [0, 0, 1], [0, 1 ,0], [0, 1, 1], [1, 0, 0], [1, 0, 1], [1, 1 ,0], [1, 1 ,1]]\n",
    "f_matrix = [[0,2,4], [4,2,6],[0,1,3], [0,3,2], [0,5,1], [0,4,5], [1,7,3], [1,5,7], [4,7,5], [4,6,7], [7,6,2],[7,2,3]]\n",
    "v_matrix, f_matrix = torch.tensor(v_matrix,dtype=torch.float32), torch.tensor(f_matrix,dtype=torch.long)\n",
    "max_m = 15\n",
    "device = 'cpu'"
   ]
  },
  {
   "cell_type": "code",
   "execution_count": 3,
   "id": "ef01aa37",
   "metadata": {},
   "outputs": [],
   "source": [
    "# This can be taken outside and made available as a global constant\n",
    "f_ijk_s_p = np.zeros((max_m,max_m,max_m))\n",
    "f_ijk_p_s_2 = np.zeros((max_m,max_m,max_m))\n",
    "f_ijk_p_s_3 = np.zeros((max_m,max_m,max_m))\n",
    "for i in range(max_m):\n",
    "            for j in range(max_m):\n",
    "                for k in range(max_m):\n",
    "                    f_ijk_s_p[i,j,k] = (factorial(i+j+k)/(factorial(i)*factorial(j)*factorial(k)))\n",
    "                    f_ijk_p_s_3[i,j,k] = ((factorial(i)*factorial(j)*factorial(k))/factorial(i+j+k+3))\n",
    "                    f_ijk_p_s_2[i,j,k] = 1/f_ijk_s_p[i,j,k]/(i+j+k+1)/(i+j+k+2)\n",
    "                    f_ijk_p_s_3[i,j,k] = f_ijk_p_s_2[i,j,k]/(i+j+k+3)\n",
    "f_ijk_s_p = torch.tensor(f_ijk_s_p).float()\n",
    "f_ijk_p_s_2 = torch.tensor(f_ijk_p_s_2).float()\n",
    "f_ijk_p_s_3 = torch.tensor(f_ijk_p_s_3).float()"
   ]
  },
  {
   "cell_type": "code",
   "execution_count": 4,
   "id": "db8bc1f5",
   "metadata": {},
   "outputs": [],
   "source": [
    "def M_ijk_torch_v6(f_matrix, v_matrix, max_m, is_watertigh, device):\n",
    "    total_num_faces = len(f_matrix)\n",
    "    \n",
    "    loop_batch_size = min(1000, total_num_faces)\n",
    "    \n",
    "#     m_v = torch.zeros([max_m,max_m,max_m],dtype=torch.float32, requires_grad=True).to(device)\n",
    "#     m_s = torch.zeros([max_m,max_m,max_m],dtype=torch.float32, requires_grad=True).to(device)\n",
    "    m_v = [torch.zeros([1,max_m,max_m],dtype=torch.float32, requires_grad=True).to('cpu') for _i in range(max_m)]\n",
    "    m_s = [torch.zeros([1,max_m,max_m],dtype=torch.float32, requires_grad=True).to('cpu') for _i in range(max_m)]\n",
    "    \n",
    "    \n",
    "#     # This can be taken outside and made available as a global constant\n",
    "#     f_ijk_s_p = np.zeros((max_m,max_m,max_m))\n",
    "#     f_ijk_p_s_2 = np.zeros((max_m,max_m,max_m))\n",
    "#     f_ijk_p_s_3 = np.zeros((max_m,max_m,max_m))\n",
    "#     for i in range(max_m):\n",
    "#                 for j in range(max_m):\n",
    "#                     for k in range(max_m):\n",
    "#                         f_ijk_s_p[i,j,k] = (factorial(i+j+k)/(factorial(i)*factorial(j)*factorial(k)))\n",
    "#                         f_ijk_p_s_3[i,j,k] = ((factorial(i)*factorial(j)*factorial(k))/factorial(i+j+k+3))\n",
    "#                         f_ijk_p_s_2[i,j,k] = 1/f_ijk_s_p[i,j,k]/(i+j+k+1)/(i+j+k+2)\n",
    "#                         f_ijk_p_s_3[i,j,k] = f_ijk_p_s_2[i,j,k]/(i+j+k+3)\n",
    "#     f_ijk_s_p = torch.tensor(f_ijk_s_p)\n",
    "#     f_ijk_p_s_2 = torch.tensor(f_ijk_p_s_2)\n",
    "#     f_ijk_p_s_3 = torch.tensor(f_ijk_p_s_3)\n",
    "    \n",
    "    \n",
    "    \n",
    "    \n",
    "    for batch_num in range(ceil(total_num_faces/loop_batch_size)):\n",
    "        start = batch_num*loop_batch_size\n",
    "        end = min([(batch_num+1)*loop_batch_size, total_num_faces])\n",
    "        num_faces = end-start\n",
    "        \n",
    "        # Extract coordinates\n",
    "        ABC = v_matrix[f_matrix[start:end,:]]\n",
    "        if is_watertigh:\n",
    "            dets = torch.det(ABC).to(device)\n",
    "        cross = torch.norm(torch.cross(ABC[:,0]-ABC[:,2],ABC[:,1]-ABC[:,2]),p=2,dim = 1).to(device)\n",
    "\n",
    "\n",
    "        # Allocate Tensors\n",
    "        # NEW: i dimension of size 2 for M_V, M_S, D,S\n",
    "        M_V_tensor = torch.zeros([num_faces,max_m,max_m,max_m],dtype=torch.float32).to(device)\n",
    "        M_S_tensor = torch.zeros([num_faces,max_m,max_m,max_m],dtype=torch.float32).to(device)\n",
    "        D_tensor = torch.zeros([num_faces,max_m,max_m,max_m],dtype=torch.float32).to(device)\n",
    "        S_tensor = torch.zeros([num_faces,max_m,max_m,max_m],dtype=torch.float32).to(device)\n",
    "        # NEW: [:,1,0,0] = 1 instead of [:,0,0,0]\n",
    "        D_tensor[:,0,0,0] = 1\n",
    "        S_tensor[:,0,0,0] = 1\n",
    "        \n",
    "\n",
    "        jl = torch.arange(max_m)\n",
    "        kl = torch.arange(max_m)\n",
    "        # Calculate C,D,S,M Tensors, parallellized over faces\n",
    "        for i in range(max_m):\n",
    "            il = torch.tensor(i)\n",
    "            C_tensor = torch.multiply(torch.multiply(torch.pow(ABC[:,2][:,0].view(-1,1,1,1),il.view(1,-1,1,1)),torch.pow(ABC[:,2][:,1].view(-1,1,1,1),jl.view(1,1,-1,1))),torch.pow(ABC[:,2][:,2].view(-1,1,1,1),kl.view(1,1,1,-1)))*f_ijk_s_p[il.view(-1,1,1),jl.view(1,-1,1),kl.view(1,1,-1)]\n",
    "            for j in range(max_m):\n",
    "                for k in range(max_m):\n",
    "                    # Can get rid of this condition later on if needed\n",
    "#                     if (i+j+k)<=max_m:\n",
    "                    # NEW:\n",
    "                    # In D,S,M_V,M_S:\n",
    "                    #            i:1\n",
    "                    #          i-1:0\n",
    "                    # In C:\n",
    "                    #            i:0  DONE\n",
    "                    D_tensor[:,i,j,k] = ABC[:,1][:,0]*D_tensor[:,i-1,j,k]+ABC[:,1][:,1]*D_tensor[:,i,j-1,k]+ABC[:,1][:,2]*D_tensor[:,i,j,k-1]+C_tensor[:,0,j,k]\n",
    "                    S_tensor[:,i,j,k] = ABC[:,0][:,0]*S_tensor[:,i-1,j,k]+ABC[:,0][:,1]*S_tensor[:,i,j-1,k]+ABC[:,0][:,2]*S_tensor[:,i,j,k-1]+D_tensor[:,i,j,k]\n",
    "\n",
    "#                         # Absorb this into the next line, to avoid making M_V and M_S tensors\n",
    "#                         M_V_tensor[:,i,j,k] = f_ijk_p_s_3[i,j,k]*(dets[:]*S_tensor[:,i,j,k])\n",
    "#                         M_S_tensor[:,i,j,k] = f_ijk_p_s_2[i,j,k]*(cross[:]*S_tensor[:,i,j,k])\n",
    "                    # Absorb this into the next line, to avoid making M_V and M_S tensors\n",
    "                    if is_watertigh:\n",
    "                        M_V_tensor[:,i,j,k] = f_ijk_p_s_3[i,j,k]*(dets[:]*S_tensor[:,i,j,k])\n",
    "                    M_S_tensor[:,i,j,k] = f_ijk_p_s_2[i,j,k]*(cross[:]*S_tensor[:,i,j,k])\n",
    "\n",
    "#                         m_v = m_v + torch.sum(M_V_tensor,0)\n",
    "#                         m_v[i,j,k] = m_v.clone()[i,j,k] + torch.sum(M_V_tensor.clone()[:,i,j,k],0).clone()\n",
    "#                         m_s = m_s + torch.sum(M_S_tensor,0)\n",
    "\n",
    "                    #NEW: Instead of summing along 0th axis for each i,j,k, sum along 0th axis for each i\n",
    "                    #    This requires that we create max_m dijointed tensors, one for each i\n",
    "            if is_watertigh:\n",
    "                m_v[i] = m_v[i] + torch.sum(M_V_tensor[:,i,:,:],0)\n",
    "            m_s[i] = m_s[i] + torch.sum(M_S_tensor[:,i,:,:],0)\n",
    "            #NEW: Flip D,S,M_V,M_S along i axis\n",
    "            \n",
    "\n",
    " \n",
    "    m_v = torch.stack(m_v).squeeze()\n",
    "    m_s = torch.stack(m_s).squeeze()\n",
    "    \n",
    "#         m_v = m_v + torch.sum(M_V_tensor,0)\n",
    "#         m_s = m_s + torch.sum(M_S_tensor,0)\n",
    "    \n",
    "    return (m_v,m_s)"
   ]
  },
  {
   "cell_type": "code",
   "execution_count": 5,
   "id": "d5cf6962",
   "metadata": {},
   "outputs": [],
   "source": [
    "def M_ijk_Pozo_v0(f_matrix, v_matrix, max_m, is_watertigh, device):\n",
    "    total_num_faces = len(f_matrix)\n",
    "    \n",
    "    loop_batch_size = min(1000, total_num_faces)\n",
    "    \n",
    "    m_v = torch.zeros([max_m,max_m,max_m],dtype=torch.float32, requires_grad=True).to(device)\n",
    "    m_s = torch.zeros([max_m,max_m,max_m],dtype=torch.float32, requires_grad=True).to(device)    \n",
    "    \n",
    "#     # This can be taken outside and made available as a global constant\n",
    "#     f_ijk_s_p = np.zeros((max_m,max_m,max_m))\n",
    "#     f_ijk_p_s_2 = np.zeros((max_m,max_m,max_m))\n",
    "#     f_ijk_p_s_3 = np.zeros((max_m,max_m,max_m))\n",
    "#     for i in range(max_m):\n",
    "#                 for j in range(max_m):\n",
    "#                     for k in range(max_m):\n",
    "#                         f_ijk_s_p[i,j,k] = (factorial(i+j+k)/(factorial(i)*factorial(j)*factorial(k)))\n",
    "#                         f_ijk_p_s_3[i,j,k] = ((factorial(i)*factorial(j)*factorial(k))/factorial(i+j+k+3))\n",
    "#                         f_ijk_p_s_2[i,j,k] = 1/f_ijk_s_p[i,j,k]/(i+j+k+1)/(i+j+k+2)\n",
    "#                         f_ijk_p_s_3[i,j,k] = f_ijk_p_s_2[i,j,k]/(i+j+k+3)\n",
    "#     f_ijk_s_p = torch.tensor(f_ijk_s_p).float()\n",
    "#     f_ijk_p_s_2 = torch.tensor(f_ijk_p_s_2).float()\n",
    "#     f_ijk_p_s_3 = torch.tensor(f_ijk_p_s_3).float()\n",
    "    \n",
    "    \n",
    "    \n",
    "    for batch_num in range(ceil(total_num_faces/loop_batch_size)):\n",
    "        start = batch_num*loop_batch_size\n",
    "        end = min([(batch_num+1)*loop_batch_size, total_num_faces])\n",
    "        num_faces = end-start\n",
    "        \n",
    "        # Extract coordinates\n",
    "        ABC = v_matrix[f_matrix[start:end,:]]\n",
    "        if is_watertigh:\n",
    "            dets = torch.det(ABC).to(device)\n",
    "        cross = torch.norm(torch.cross(ABC[:,0]-ABC[:,2],ABC[:,1]-ABC[:,2]),p=2,dim = 1).to(device)\n",
    "        \n",
    "        \n",
    "        i = torch.arange(max_m)\n",
    "        # Calculate C tensors\n",
    "        C1_tensor = torch.multiply(torch.multiply(torch.pow(ABC[:,0][:,0].view(-1,1,1,1),i.view(1,-1,1,1)),torch.pow(ABC[:,0][:,1].view(-1,1,1,1),i.view(1,1,-1,1))),torch.pow(ABC[:,0][:,2].view(-1,1,1,1),i.view(1,1,1,-1)))*f_ijk_s_p\n",
    "        C2_tensor = torch.multiply(torch.multiply(torch.pow(ABC[:,1][:,0].view(-1,1,1,1),i.view(1,-1,1,1)),torch.pow(ABC[:,1][:,1].view(-1,1,1,1),i.view(1,1,-1,1))),torch.pow(ABC[:,1][:,2].view(-1,1,1,1),i.view(1,1,1,-1)))*f_ijk_s_p\n",
    "        C3_tensor = torch.multiply(torch.multiply(torch.pow(ABC[:,2][:,0].view(-1,1,1,1),i.view(1,-1,1,1)),torch.pow(ABC[:,2][:,1].view(-1,1,1,1),i.view(1,1,-1,1))),torch.pow(ABC[:,2][:,2].view(-1,1,1,1),i.view(1,1,1,-1)))*f_ijk_s_p\n",
    "        \n",
    "        \n",
    "        # set up \"contraction kernel\"\n",
    "        inds = torch.arange (max_m)\n",
    "        kernel = ((inds.unsqueeze (0) + inds.unsqueeze (1)).unsqueeze (0) == inds.unsqueeze (-1).unsqueeze (-1)).float()\n",
    "\n",
    "        D_tensor = torch.einsum ('eijk, ail, bjm, ckn, elmn -> eabc', C2_tensor, kernel, kernel, kernel, C3_tensor)\n",
    "        \n",
    "        S_tensor = torch.einsum ('eijk, ail, bjm, ckn, elmn -> eabc', C1_tensor, kernel, kernel, kernel, D_tensor) \n",
    "        \n",
    "        m_v = m_v + (S_tensor * f_ijk_p_s_3 * dets.view(-1,1,1,1)).sum(0)\n",
    "        m_s = m_s + (S_tensor * f_ijk_p_s_2 * cross.view(-1,1,1,1)).sum(0)\n",
    "        \n",
    "    return (m_v,m_s)\n",
    "\n"
   ]
  },
  {
   "cell_type": "code",
   "execution_count": 6,
   "id": "ff645507",
   "metadata": {},
   "outputs": [],
   "source": [
    "def M_ijk_Pozo_v1(f_matrix, v_matrix, max_m, is_watertigh, device):\n",
    "    total_num_faces = len(f_matrix)\n",
    "    \n",
    "    loop_batch_size = min(1000, total_num_faces)\n",
    "    \n",
    "    m_v = torch.zeros([max_m,max_m,max_m],dtype=torch.float32, requires_grad=True).to(device)\n",
    "    m_s = torch.zeros([max_m,max_m,max_m],dtype=torch.float32, requires_grad=True).to(device)    \n",
    "    \n",
    "#     # This can be taken outside and made available as a global constant\n",
    "#     f_ijk_s_p = np.zeros((max_m,max_m,max_m))\n",
    "#     f_ijk_p_s_2 = np.zeros((max_m,max_m,max_m))\n",
    "#     f_ijk_p_s_3 = np.zeros((max_m,max_m,max_m))\n",
    "#     for i in range(max_m):\n",
    "#                 for j in range(max_m):\n",
    "#                     for k in range(max_m):\n",
    "#                         f_ijk_s_p[i,j,k] = (factorial(i+j+k)/(factorial(i)*factorial(j)*factorial(k)))\n",
    "#                         f_ijk_p_s_3[i,j,k] = ((factorial(i)*factorial(j)*factorial(k))/factorial(i+j+k+3))\n",
    "#                         f_ijk_p_s_2[i,j,k] = 1/f_ijk_s_p[i,j,k]/(i+j+k+1)/(i+j+k+2)\n",
    "#                         f_ijk_p_s_3[i,j,k] = f_ijk_p_s_2[i,j,k]/(i+j+k+3)\n",
    "#     f_ijk_s_p = torch.tensor(f_ijk_s_p).float()\n",
    "#     f_ijk_p_s_2 = torch.tensor(f_ijk_p_s_2).float()\n",
    "#     f_ijk_p_s_3 = torch.tensor(f_ijk_p_s_3).float()\n",
    "    \n",
    "    \n",
    "    i = torch.arange(max_m)\n",
    "    # set up \"contraction kernel\"\n",
    "    kernel = ((i.unsqueeze (0) + i.unsqueeze (1)).unsqueeze (0) == i.unsqueeze (-1).unsqueeze (-1)).float()\n",
    "        \n",
    "    for batch_num in range(ceil(total_num_faces/loop_batch_size)):\n",
    "        start = batch_num*loop_batch_size\n",
    "        end = min([(batch_num+1)*loop_batch_size, total_num_faces])\n",
    "        num_faces = end-start\n",
    "        \n",
    "        # Extract coordinates\n",
    "        ABC = v_matrix[f_matrix[start:end,:]]\n",
    "        if is_watertigh:\n",
    "            dets = torch.det(ABC).to(device)\n",
    "        cross = torch.norm(torch.cross(ABC[:,0]-ABC[:,2],ABC[:,1]-ABC[:,2]),p=2,dim = 1).to(device)\n",
    "        \n",
    "        S_tensor = torch.einsum ('eijk, ail, bjm, ckn, elmn -> eabc', torch.multiply(torch.multiply(torch.pow(ABC[:,0][:,0].view(-1,1,1,1),i.view(1,-1,1,1)),torch.pow(ABC[:,0][:,1].view(-1,1,1,1),i.view(1,1,-1,1))),torch.pow(ABC[:,0][:,2].view(-1,1,1,1),i.view(1,1,1,-1)))*f_ijk_s_p, kernel, kernel, kernel, torch.einsum ('eijk, ail, bjm, ckn, elmn -> eabc', torch.multiply(torch.multiply(torch.pow(ABC[:,1][:,0].view(-1,1,1,1),i.view(1,-1,1,1)),torch.pow(ABC[:,1][:,1].view(-1,1,1,1),i.view(1,1,-1,1))),torch.pow(ABC[:,1][:,2].view(-1,1,1,1),i.view(1,1,1,-1)))*f_ijk_s_p, kernel, kernel, kernel, torch.multiply(torch.multiply(torch.pow(ABC[:,2][:,0].view(-1,1,1,1),i.view(1,-1,1,1)),torch.pow(ABC[:,2][:,1].view(-1,1,1,1),i.view(1,1,-1,1))),torch.pow(ABC[:,2][:,2].view(-1,1,1,1),i.view(1,1,1,-1)))*f_ijk_s_p)) \n",
    "        \n",
    "        if is_watertigh:\n",
    "            m_v = m_v + (S_tensor * f_ijk_p_s_3 * dets.view(-1,1,1,1)).sum(0)\n",
    "        m_s = m_s + (S_tensor * f_ijk_p_s_2 * cross.view(-1,1,1,1)).sum(0)\n",
    "        \n",
    "    return (m_v,m_s)\n",
    "\n"
   ]
  },
  {
   "cell_type": "code",
   "execution_count": 7,
   "id": "65cb2a2a",
   "metadata": {},
   "outputs": [
    {
     "name": "stdout",
     "output_type": "stream",
     "text": [
      "Watertight volumentric moments match: True\n",
      "Watertight surface moments match: True\n"
     ]
    }
   ],
   "source": [
    "# Check watertight case\n",
    "print('Watertight volumentric moments match:',torch.allclose(M_ijk_torch_v6(f_matrix,v_matrix,max_m,True,torch.device('cpu'))[0],M_ijk_Pozo_v1(f_matrix,v_matrix,max_m,True,torch.device('cpu'))[0]))\n",
    "print('Watertight surface moments match:',torch.allclose(M_ijk_torch_v6(f_matrix,v_matrix,max_m,True,torch.device('cpu'))[1],M_ijk_Pozo_v1(f_matrix,v_matrix,max_m,True,torch.device('cpu'))[1]))\n"
   ]
  },
  {
   "cell_type": "code",
   "execution_count": 8,
   "id": "de4a79d2",
   "metadata": {},
   "outputs": [
    {
     "name": "stdout",
     "output_type": "stream",
     "text": [
      "Nonwatertight volumentric moments Pozo (zeros): True\n",
      "Nonwatertight volumentric moments Koehl (zeros): True\n",
      "Nonwatertight surface moments match: True\n"
     ]
    }
   ],
   "source": [
    "# Check Nonwatertight case\n",
    "print('Nonwatertight volumentric moments Pozo (zeros):',torch.allclose(torch.zeros([max_m,max_m,max_m]),M_ijk_Pozo_v1(f_matrix,v_matrix,max_m,False,torch.device('cpu'))[0]))\n",
    "print('Nonwatertight volumentric moments Koehl (zeros):',torch.allclose(torch.zeros([max_m,max_m,max_m]),M_ijk_torch_v6(f_matrix,v_matrix,max_m,False,torch.device('cpu'))[0]))\n",
    "print('Nonwatertight surface moments match:',torch.allclose(M_ijk_torch_v6(f_matrix,v_matrix,max_m,False,torch.device('cpu'))[1],M_ijk_Pozo_v1(f_matrix,v_matrix,max_m,False,torch.device('cpu'))[1]))\n"
   ]
  },
  {
   "cell_type": "code",
   "execution_count": null,
   "id": "27196248",
   "metadata": {},
   "outputs": [],
   "source": []
  },
  {
   "cell_type": "code",
   "execution_count": 9,
   "id": "8d505531",
   "metadata": {},
   "outputs": [
    {
     "data": {
      "text/plain": [
       "(tensor([[[1.0000e+00, 5.0000e-01, 3.3333e-01,  ..., 7.6923e-02,\n",
       "           7.1429e-02, 6.6667e-02],\n",
       "          [5.0000e-01, 2.5000e-01, 1.6667e-01,  ..., 3.8462e-02,\n",
       "           3.5714e-02, 3.3333e-02],\n",
       "          [3.3333e-01, 1.6667e-01, 1.1111e-01,  ..., 2.5641e-02,\n",
       "           2.3810e-02, 2.2222e-02],\n",
       "          ...,\n",
       "          [7.6923e-02, 3.8462e-02, 2.5641e-02,  ..., 5.9172e-03,\n",
       "           5.4945e-03, 5.1282e-03],\n",
       "          [7.1429e-02, 3.5714e-02, 2.3810e-02,  ..., 5.4945e-03,\n",
       "           5.1020e-03, 4.7619e-03],\n",
       "          [6.6667e-02, 3.3333e-02, 2.2222e-02,  ..., 5.1282e-03,\n",
       "           4.7619e-03, 4.4444e-03]],\n",
       " \n",
       "         [[5.0000e-01, 2.5000e-01, 1.6667e-01,  ..., 3.8462e-02,\n",
       "           3.5714e-02, 3.3333e-02],\n",
       "          [2.5000e-01, 1.2500e-01, 8.3333e-02,  ..., 1.9231e-02,\n",
       "           1.7857e-02, 1.6667e-02],\n",
       "          [1.6667e-01, 8.3333e-02, 5.5556e-02,  ..., 1.2821e-02,\n",
       "           1.1905e-02, 1.1111e-02],\n",
       "          ...,\n",
       "          [3.8462e-02, 1.9231e-02, 1.2821e-02,  ..., 2.9586e-03,\n",
       "           2.7473e-03, 2.5641e-03],\n",
       "          [3.5714e-02, 1.7857e-02, 1.1905e-02,  ..., 2.7473e-03,\n",
       "           2.5510e-03, 2.3810e-03],\n",
       "          [3.3333e-02, 1.6667e-02, 1.1111e-02,  ..., 2.5641e-03,\n",
       "           2.3810e-03, 2.2222e-03]],\n",
       " \n",
       "         [[3.3333e-01, 1.6667e-01, 1.1111e-01,  ..., 2.5641e-02,\n",
       "           2.3810e-02, 2.2222e-02],\n",
       "          [1.6667e-01, 8.3333e-02, 5.5556e-02,  ..., 1.2821e-02,\n",
       "           1.1905e-02, 1.1111e-02],\n",
       "          [1.1111e-01, 5.5556e-02, 3.7037e-02,  ..., 8.5470e-03,\n",
       "           7.9365e-03, 7.4074e-03],\n",
       "          ...,\n",
       "          [2.5641e-02, 1.2821e-02, 8.5470e-03,  ..., 1.9724e-03,\n",
       "           1.8315e-03, 1.7094e-03],\n",
       "          [2.3810e-02, 1.1905e-02, 7.9365e-03,  ..., 1.8315e-03,\n",
       "           1.7007e-03, 1.5873e-03],\n",
       "          [2.2222e-02, 1.1111e-02, 7.4074e-03,  ..., 1.7094e-03,\n",
       "           1.5873e-03, 1.4815e-03]],\n",
       " \n",
       "         ...,\n",
       " \n",
       "         [[7.6923e-02, 3.8462e-02, 2.5641e-02,  ..., 5.9172e-03,\n",
       "           5.4945e-03, 5.1282e-03],\n",
       "          [3.8462e-02, 1.9231e-02, 1.2821e-02,  ..., 2.9586e-03,\n",
       "           2.7473e-03, 2.5641e-03],\n",
       "          [2.5641e-02, 1.2821e-02, 8.5470e-03,  ..., 1.9724e-03,\n",
       "           1.8315e-03, 1.7094e-03],\n",
       "          ...,\n",
       "          [5.9172e-03, 2.9586e-03, 1.9724e-03,  ..., 4.5517e-04,\n",
       "           4.2265e-04, 3.9448e-04],\n",
       "          [5.4945e-03, 2.7473e-03, 1.8315e-03,  ..., 4.2265e-04,\n",
       "           3.9246e-04, 3.6630e-04],\n",
       "          [5.1282e-03, 2.5641e-03, 1.7094e-03,  ..., 3.9448e-04,\n",
       "           3.6630e-04, 3.4188e-04]],\n",
       " \n",
       "         [[7.1429e-02, 3.5714e-02, 2.3810e-02,  ..., 5.4945e-03,\n",
       "           5.1020e-03, 4.7619e-03],\n",
       "          [3.5714e-02, 1.7857e-02, 1.1905e-02,  ..., 2.7473e-03,\n",
       "           2.5510e-03, 2.3810e-03],\n",
       "          [2.3810e-02, 1.1905e-02, 7.9365e-03,  ..., 1.8315e-03,\n",
       "           1.7007e-03, 1.5873e-03],\n",
       "          ...,\n",
       "          [5.4945e-03, 2.7473e-03, 1.8315e-03,  ..., 4.2265e-04,\n",
       "           3.9246e-04, 3.6630e-04],\n",
       "          [5.1020e-03, 2.5510e-03, 1.7007e-03,  ..., 3.9246e-04,\n",
       "           3.6443e-04, 3.4014e-04],\n",
       "          [4.7619e-03, 2.3810e-03, 1.5873e-03,  ..., 3.6630e-04,\n",
       "           3.4014e-04, 3.1746e-04]],\n",
       " \n",
       "         [[6.6667e-02, 3.3333e-02, 2.2222e-02,  ..., 5.1282e-03,\n",
       "           4.7619e-03, 4.4444e-03],\n",
       "          [3.3333e-02, 1.6667e-02, 1.1111e-02,  ..., 2.5641e-03,\n",
       "           2.3810e-03, 2.2222e-03],\n",
       "          [2.2222e-02, 1.1111e-02, 7.4074e-03,  ..., 1.7094e-03,\n",
       "           1.5873e-03, 1.4815e-03],\n",
       "          ...,\n",
       "          [5.1282e-03, 2.5641e-03, 1.7094e-03,  ..., 3.9448e-04,\n",
       "           3.6630e-04, 3.4188e-04],\n",
       "          [4.7619e-03, 2.3810e-03, 1.5873e-03,  ..., 3.6630e-04,\n",
       "           3.4014e-04, 3.1746e-04],\n",
       "          [4.4444e-03, 2.2222e-03, 1.4815e-03,  ..., 3.4188e-04,\n",
       "           3.1746e-04, 2.9630e-04]]], grad_fn=<AddBackward0>),\n",
       " tensor([[[6.0000, 3.0000, 2.3333,  ..., 1.3077, 1.2857, 1.2667],\n",
       "          [3.0000, 1.5000, 1.1667,  ..., 0.6538, 0.6429, 0.6333],\n",
       "          [2.3333, 1.1667, 0.8889,  ..., 0.4615, 0.4524, 0.4444],\n",
       "          ...,\n",
       "          [1.3077, 0.6538, 0.4615,  ..., 0.1657, 0.1593, 0.1538],\n",
       "          [1.2857, 0.6429, 0.4524,  ..., 0.1593, 0.1531, 0.1476],\n",
       "          [1.2667, 0.6333, 0.4444,  ..., 0.1538, 0.1476, 0.1422]],\n",
       " \n",
       "         [[3.0000, 1.5000, 1.1667,  ..., 0.6538, 0.6429, 0.6333],\n",
       "          [1.5000, 0.7500, 0.5833,  ..., 0.3269, 0.3214, 0.3167],\n",
       "          [1.1667, 0.5833, 0.4444,  ..., 0.2308, 0.2262, 0.2222],\n",
       "          ...,\n",
       "          [0.6538, 0.3269, 0.2308,  ..., 0.0828, 0.0797, 0.0769],\n",
       "          [0.6429, 0.3214, 0.2262,  ..., 0.0797, 0.0765, 0.0738],\n",
       "          [0.6333, 0.3167, 0.2222,  ..., 0.0769, 0.0738, 0.0711]],\n",
       " \n",
       "         [[2.3333, 1.1667, 0.8889,  ..., 0.4615, 0.4524, 0.4444],\n",
       "          [1.1667, 0.5833, 0.4444,  ..., 0.2308, 0.2262, 0.2222],\n",
       "          [0.8889, 0.4444, 0.3333,  ..., 0.1624, 0.1587, 0.1556],\n",
       "          ...,\n",
       "          [0.4615, 0.2308, 0.1624,  ..., 0.0572, 0.0549, 0.0530],\n",
       "          [0.4524, 0.2262, 0.1587,  ..., 0.0549, 0.0527, 0.0508],\n",
       "          [0.4444, 0.2222, 0.1556,  ..., 0.0530, 0.0508, 0.0489]],\n",
       " \n",
       "         ...,\n",
       " \n",
       "         [[1.3077, 0.6538, 0.4615,  ..., 0.1657, 0.1593, 0.1538],\n",
       "          [0.6538, 0.3269, 0.2308,  ..., 0.0828, 0.0797, 0.0769],\n",
       "          [0.4615, 0.2308, 0.1624,  ..., 0.0572, 0.0549, 0.0530],\n",
       "          ...,\n",
       "          [0.1657, 0.0828, 0.0572,  ..., 0.0178, 0.0169, 0.0162],\n",
       "          [0.1593, 0.0797, 0.0549,  ..., 0.0169, 0.0161, 0.0154],\n",
       "          [0.1538, 0.0769, 0.0530,  ..., 0.0162, 0.0154, 0.0147]],\n",
       " \n",
       "         [[1.2857, 0.6429, 0.4524,  ..., 0.1593, 0.1531, 0.1476],\n",
       "          [0.6429, 0.3214, 0.2262,  ..., 0.0797, 0.0765, 0.0738],\n",
       "          [0.4524, 0.2262, 0.1587,  ..., 0.0549, 0.0527, 0.0508],\n",
       "          ...,\n",
       "          [0.1593, 0.0797, 0.0549,  ..., 0.0169, 0.0161, 0.0154],\n",
       "          [0.1531, 0.0765, 0.0527,  ..., 0.0161, 0.0153, 0.0146],\n",
       "          [0.1476, 0.0738, 0.0508,  ..., 0.0154, 0.0146, 0.0140]],\n",
       " \n",
       "         [[1.2667, 0.6333, 0.4444,  ..., 0.1538, 0.1476, 0.1422],\n",
       "          [0.6333, 0.3167, 0.2222,  ..., 0.0769, 0.0738, 0.0711],\n",
       "          [0.4444, 0.2222, 0.1556,  ..., 0.0530, 0.0508, 0.0489],\n",
       "          ...,\n",
       "          [0.1538, 0.0769, 0.0530,  ..., 0.0162, 0.0154, 0.0147],\n",
       "          [0.1476, 0.0738, 0.0508,  ..., 0.0154, 0.0146, 0.0140],\n",
       "          [0.1422, 0.0711, 0.0489,  ..., 0.0147, 0.0140, 0.0133]]],\n",
       "        grad_fn=<AddBackward0>))"
      ]
     },
     "execution_count": 9,
     "metadata": {},
     "output_type": "execute_result"
    }
   ],
   "source": [
    "M_ijk_Pozo_v0(f_matrix,v_matrix,max_m,True,torch.device('cpu'))"
   ]
  },
  {
   "cell_type": "code",
   "execution_count": 10,
   "id": "15e8a6a6",
   "metadata": {},
   "outputs": [
    {
     "data": {
      "text/plain": [
       "(tensor([[[1.0000e+00, 5.0000e-01, 3.3333e-01,  ..., 7.6923e-02,\n",
       "           7.1429e-02, 6.6667e-02],\n",
       "          [5.0000e-01, 2.5000e-01, 1.6667e-01,  ..., 3.8462e-02,\n",
       "           3.5714e-02, 3.3333e-02],\n",
       "          [3.3333e-01, 1.6667e-01, 1.1111e-01,  ..., 2.5641e-02,\n",
       "           2.3810e-02, 2.2222e-02],\n",
       "          ...,\n",
       "          [7.6923e-02, 3.8462e-02, 2.5641e-02,  ..., 5.9172e-03,\n",
       "           5.4945e-03, 5.1282e-03],\n",
       "          [7.1429e-02, 3.5714e-02, 2.3810e-02,  ..., 5.4945e-03,\n",
       "           5.1020e-03, 4.7619e-03],\n",
       "          [6.6667e-02, 3.3333e-02, 2.2222e-02,  ..., 5.1282e-03,\n",
       "           4.7619e-03, 4.4444e-03]],\n",
       " \n",
       "         [[5.0000e-01, 2.5000e-01, 1.6667e-01,  ..., 3.8462e-02,\n",
       "           3.5714e-02, 3.3333e-02],\n",
       "          [2.5000e-01, 1.2500e-01, 8.3333e-02,  ..., 1.9231e-02,\n",
       "           1.7857e-02, 1.6667e-02],\n",
       "          [1.6667e-01, 8.3333e-02, 5.5556e-02,  ..., 1.2821e-02,\n",
       "           1.1905e-02, 1.1111e-02],\n",
       "          ...,\n",
       "          [3.8462e-02, 1.9231e-02, 1.2821e-02,  ..., 2.9586e-03,\n",
       "           2.7473e-03, 2.5641e-03],\n",
       "          [3.5714e-02, 1.7857e-02, 1.1905e-02,  ..., 2.7473e-03,\n",
       "           2.5510e-03, 2.3810e-03],\n",
       "          [3.3333e-02, 1.6667e-02, 1.1111e-02,  ..., 2.5641e-03,\n",
       "           2.3810e-03, 2.2222e-03]],\n",
       " \n",
       "         [[3.3333e-01, 1.6667e-01, 1.1111e-01,  ..., 2.5641e-02,\n",
       "           2.3810e-02, 2.2222e-02],\n",
       "          [1.6667e-01, 8.3333e-02, 5.5556e-02,  ..., 1.2821e-02,\n",
       "           1.1905e-02, 1.1111e-02],\n",
       "          [1.1111e-01, 5.5556e-02, 3.7037e-02,  ..., 8.5470e-03,\n",
       "           7.9365e-03, 7.4074e-03],\n",
       "          ...,\n",
       "          [2.5641e-02, 1.2821e-02, 8.5470e-03,  ..., 1.9724e-03,\n",
       "           1.8315e-03, 1.7094e-03],\n",
       "          [2.3810e-02, 1.1905e-02, 7.9365e-03,  ..., 1.8315e-03,\n",
       "           1.7007e-03, 1.5873e-03],\n",
       "          [2.2222e-02, 1.1111e-02, 7.4074e-03,  ..., 1.7094e-03,\n",
       "           1.5873e-03, 1.4815e-03]],\n",
       " \n",
       "         ...,\n",
       " \n",
       "         [[7.6923e-02, 3.8462e-02, 2.5641e-02,  ..., 5.9172e-03,\n",
       "           5.4945e-03, 5.1282e-03],\n",
       "          [3.8462e-02, 1.9231e-02, 1.2821e-02,  ..., 2.9586e-03,\n",
       "           2.7473e-03, 2.5641e-03],\n",
       "          [2.5641e-02, 1.2821e-02, 8.5470e-03,  ..., 1.9724e-03,\n",
       "           1.8315e-03, 1.7094e-03],\n",
       "          ...,\n",
       "          [5.9172e-03, 2.9586e-03, 1.9724e-03,  ..., 4.5517e-04,\n",
       "           4.2265e-04, 3.9448e-04],\n",
       "          [5.4945e-03, 2.7473e-03, 1.8315e-03,  ..., 4.2265e-04,\n",
       "           3.9246e-04, 3.6630e-04],\n",
       "          [5.1282e-03, 2.5641e-03, 1.7094e-03,  ..., 3.9448e-04,\n",
       "           3.6630e-04, 3.4188e-04]],\n",
       " \n",
       "         [[7.1429e-02, 3.5714e-02, 2.3810e-02,  ..., 5.4945e-03,\n",
       "           5.1020e-03, 4.7619e-03],\n",
       "          [3.5714e-02, 1.7857e-02, 1.1905e-02,  ..., 2.7473e-03,\n",
       "           2.5510e-03, 2.3810e-03],\n",
       "          [2.3810e-02, 1.1905e-02, 7.9365e-03,  ..., 1.8315e-03,\n",
       "           1.7007e-03, 1.5873e-03],\n",
       "          ...,\n",
       "          [5.4945e-03, 2.7473e-03, 1.8315e-03,  ..., 4.2265e-04,\n",
       "           3.9246e-04, 3.6630e-04],\n",
       "          [5.1020e-03, 2.5510e-03, 1.7007e-03,  ..., 3.9246e-04,\n",
       "           3.6443e-04, 3.4014e-04],\n",
       "          [4.7619e-03, 2.3810e-03, 1.5873e-03,  ..., 3.6630e-04,\n",
       "           3.4014e-04, 3.1746e-04]],\n",
       " \n",
       "         [[6.6667e-02, 3.3333e-02, 2.2222e-02,  ..., 5.1282e-03,\n",
       "           4.7619e-03, 4.4444e-03],\n",
       "          [3.3333e-02, 1.6667e-02, 1.1111e-02,  ..., 2.5641e-03,\n",
       "           2.3810e-03, 2.2222e-03],\n",
       "          [2.2222e-02, 1.1111e-02, 7.4074e-03,  ..., 1.7094e-03,\n",
       "           1.5873e-03, 1.4815e-03],\n",
       "          ...,\n",
       "          [5.1282e-03, 2.5641e-03, 1.7094e-03,  ..., 3.9448e-04,\n",
       "           3.6630e-04, 3.4188e-04],\n",
       "          [4.7619e-03, 2.3810e-03, 1.5873e-03,  ..., 3.6630e-04,\n",
       "           3.4014e-04, 3.1746e-04],\n",
       "          [4.4444e-03, 2.2222e-03, 1.4815e-03,  ..., 3.4188e-04,\n",
       "           3.1746e-04, 2.9630e-04]]], grad_fn=<AddBackward0>),\n",
       " tensor([[[6.0000, 3.0000, 2.3333,  ..., 1.3077, 1.2857, 1.2667],\n",
       "          [3.0000, 1.5000, 1.1667,  ..., 0.6538, 0.6429, 0.6333],\n",
       "          [2.3333, 1.1667, 0.8889,  ..., 0.4615, 0.4524, 0.4444],\n",
       "          ...,\n",
       "          [1.3077, 0.6538, 0.4615,  ..., 0.1657, 0.1593, 0.1538],\n",
       "          [1.2857, 0.6429, 0.4524,  ..., 0.1593, 0.1531, 0.1476],\n",
       "          [1.2667, 0.6333, 0.4444,  ..., 0.1538, 0.1476, 0.1422]],\n",
       " \n",
       "         [[3.0000, 1.5000, 1.1667,  ..., 0.6538, 0.6429, 0.6333],\n",
       "          [1.5000, 0.7500, 0.5833,  ..., 0.3269, 0.3214, 0.3167],\n",
       "          [1.1667, 0.5833, 0.4444,  ..., 0.2308, 0.2262, 0.2222],\n",
       "          ...,\n",
       "          [0.6538, 0.3269, 0.2308,  ..., 0.0828, 0.0797, 0.0769],\n",
       "          [0.6429, 0.3214, 0.2262,  ..., 0.0797, 0.0765, 0.0738],\n",
       "          [0.6333, 0.3167, 0.2222,  ..., 0.0769, 0.0738, 0.0711]],\n",
       " \n",
       "         [[2.3333, 1.1667, 0.8889,  ..., 0.4615, 0.4524, 0.4444],\n",
       "          [1.1667, 0.5833, 0.4444,  ..., 0.2308, 0.2262, 0.2222],\n",
       "          [0.8889, 0.4444, 0.3333,  ..., 0.1624, 0.1587, 0.1556],\n",
       "          ...,\n",
       "          [0.4615, 0.2308, 0.1624,  ..., 0.0572, 0.0549, 0.0530],\n",
       "          [0.4524, 0.2262, 0.1587,  ..., 0.0549, 0.0527, 0.0508],\n",
       "          [0.4444, 0.2222, 0.1556,  ..., 0.0530, 0.0508, 0.0489]],\n",
       " \n",
       "         ...,\n",
       " \n",
       "         [[1.3077, 0.6538, 0.4615,  ..., 0.1657, 0.1593, 0.1538],\n",
       "          [0.6538, 0.3269, 0.2308,  ..., 0.0828, 0.0797, 0.0769],\n",
       "          [0.4615, 0.2308, 0.1624,  ..., 0.0572, 0.0549, 0.0530],\n",
       "          ...,\n",
       "          [0.1657, 0.0828, 0.0572,  ..., 0.0178, 0.0169, 0.0162],\n",
       "          [0.1593, 0.0797, 0.0549,  ..., 0.0169, 0.0161, 0.0154],\n",
       "          [0.1538, 0.0769, 0.0530,  ..., 0.0162, 0.0154, 0.0147]],\n",
       " \n",
       "         [[1.2857, 0.6429, 0.4524,  ..., 0.1593, 0.1531, 0.1476],\n",
       "          [0.6429, 0.3214, 0.2262,  ..., 0.0797, 0.0765, 0.0738],\n",
       "          [0.4524, 0.2262, 0.1587,  ..., 0.0549, 0.0527, 0.0508],\n",
       "          ...,\n",
       "          [0.1593, 0.0797, 0.0549,  ..., 0.0169, 0.0161, 0.0154],\n",
       "          [0.1531, 0.0765, 0.0527,  ..., 0.0161, 0.0153, 0.0146],\n",
       "          [0.1476, 0.0738, 0.0508,  ..., 0.0154, 0.0146, 0.0140]],\n",
       " \n",
       "         [[1.2667, 0.6333, 0.4444,  ..., 0.1538, 0.1476, 0.1422],\n",
       "          [0.6333, 0.3167, 0.2222,  ..., 0.0769, 0.0738, 0.0711],\n",
       "          [0.4444, 0.2222, 0.1556,  ..., 0.0530, 0.0508, 0.0489],\n",
       "          ...,\n",
       "          [0.1538, 0.0769, 0.0530,  ..., 0.0162, 0.0154, 0.0147],\n",
       "          [0.1476, 0.0738, 0.0508,  ..., 0.0154, 0.0146, 0.0140],\n",
       "          [0.1422, 0.0711, 0.0489,  ..., 0.0147, 0.0140, 0.0133]]],\n",
       "        grad_fn=<AddBackward0>))"
      ]
     },
     "execution_count": 10,
     "metadata": {},
     "output_type": "execute_result"
    }
   ],
   "source": [
    "M_ijk_Pozo_v1(f_matrix,v_matrix,max_m,True,torch.device('cpu'))"
   ]
  },
  {
   "cell_type": "code",
   "execution_count": 11,
   "id": "81220586",
   "metadata": {},
   "outputs": [
    {
     "data": {
      "text/plain": [
       "(tensor([[[1.0000e+00, 5.0000e-01, 3.3333e-01,  ..., 7.6923e-02,\n",
       "           7.1429e-02, 6.6667e-02],\n",
       "          [5.0000e-01, 2.5000e-01, 1.6667e-01,  ..., 3.8462e-02,\n",
       "           3.5714e-02, 3.3333e-02],\n",
       "          [3.3333e-01, 1.6667e-01, 1.1111e-01,  ..., 2.5641e-02,\n",
       "           2.3810e-02, 2.2222e-02],\n",
       "          ...,\n",
       "          [7.6923e-02, 3.8462e-02, 2.5641e-02,  ..., 5.9172e-03,\n",
       "           5.4945e-03, 5.1282e-03],\n",
       "          [7.1429e-02, 3.5714e-02, 2.3810e-02,  ..., 5.4945e-03,\n",
       "           5.1020e-03, 4.7619e-03],\n",
       "          [6.6667e-02, 3.3333e-02, 2.2222e-02,  ..., 5.1282e-03,\n",
       "           4.7619e-03, 4.4444e-03]],\n",
       " \n",
       "         [[5.0000e-01, 2.5000e-01, 1.6667e-01,  ..., 3.8462e-02,\n",
       "           3.5714e-02, 3.3333e-02],\n",
       "          [2.5000e-01, 1.2500e-01, 8.3333e-02,  ..., 1.9231e-02,\n",
       "           1.7857e-02, 1.6667e-02],\n",
       "          [1.6667e-01, 8.3333e-02, 5.5556e-02,  ..., 1.2821e-02,\n",
       "           1.1905e-02, 1.1111e-02],\n",
       "          ...,\n",
       "          [3.8462e-02, 1.9231e-02, 1.2821e-02,  ..., 2.9586e-03,\n",
       "           2.7473e-03, 2.5641e-03],\n",
       "          [3.5714e-02, 1.7857e-02, 1.1905e-02,  ..., 2.7473e-03,\n",
       "           2.5510e-03, 2.3810e-03],\n",
       "          [3.3333e-02, 1.6667e-02, 1.1111e-02,  ..., 2.5641e-03,\n",
       "           2.3810e-03, 2.2222e-03]],\n",
       " \n",
       "         [[3.3333e-01, 1.6667e-01, 1.1111e-01,  ..., 2.5641e-02,\n",
       "           2.3810e-02, 2.2222e-02],\n",
       "          [1.6667e-01, 8.3333e-02, 5.5556e-02,  ..., 1.2821e-02,\n",
       "           1.1905e-02, 1.1111e-02],\n",
       "          [1.1111e-01, 5.5556e-02, 3.7037e-02,  ..., 8.5470e-03,\n",
       "           7.9365e-03, 7.4074e-03],\n",
       "          ...,\n",
       "          [2.5641e-02, 1.2821e-02, 8.5470e-03,  ..., 1.9724e-03,\n",
       "           1.8315e-03, 1.7094e-03],\n",
       "          [2.3810e-02, 1.1905e-02, 7.9365e-03,  ..., 1.8315e-03,\n",
       "           1.7007e-03, 1.5873e-03],\n",
       "          [2.2222e-02, 1.1111e-02, 7.4074e-03,  ..., 1.7094e-03,\n",
       "           1.5873e-03, 1.4815e-03]],\n",
       " \n",
       "         ...,\n",
       " \n",
       "         [[7.6923e-02, 3.8462e-02, 2.5641e-02,  ..., 5.9172e-03,\n",
       "           5.4945e-03, 5.1282e-03],\n",
       "          [3.8462e-02, 1.9231e-02, 1.2821e-02,  ..., 2.9586e-03,\n",
       "           2.7473e-03, 2.5641e-03],\n",
       "          [2.5641e-02, 1.2821e-02, 8.5470e-03,  ..., 1.9724e-03,\n",
       "           1.8315e-03, 1.7094e-03],\n",
       "          ...,\n",
       "          [5.9172e-03, 2.9586e-03, 1.9724e-03,  ..., 4.5517e-04,\n",
       "           4.2265e-04, 3.9448e-04],\n",
       "          [5.4945e-03, 2.7473e-03, 1.8315e-03,  ..., 4.2265e-04,\n",
       "           3.9246e-04, 3.6630e-04],\n",
       "          [5.1282e-03, 2.5641e-03, 1.7094e-03,  ..., 3.9448e-04,\n",
       "           3.6630e-04, 3.4188e-04]],\n",
       " \n",
       "         [[7.1429e-02, 3.5714e-02, 2.3810e-02,  ..., 5.4945e-03,\n",
       "           5.1020e-03, 4.7619e-03],\n",
       "          [3.5714e-02, 1.7857e-02, 1.1905e-02,  ..., 2.7473e-03,\n",
       "           2.5510e-03, 2.3810e-03],\n",
       "          [2.3810e-02, 1.1905e-02, 7.9365e-03,  ..., 1.8315e-03,\n",
       "           1.7007e-03, 1.5873e-03],\n",
       "          ...,\n",
       "          [5.4945e-03, 2.7473e-03, 1.8315e-03,  ..., 4.2265e-04,\n",
       "           3.9246e-04, 3.6630e-04],\n",
       "          [5.1020e-03, 2.5510e-03, 1.7007e-03,  ..., 3.9246e-04,\n",
       "           3.6443e-04, 3.4014e-04],\n",
       "          [4.7619e-03, 2.3810e-03, 1.5873e-03,  ..., 3.6630e-04,\n",
       "           3.4014e-04, 3.1746e-04]],\n",
       " \n",
       "         [[6.6667e-02, 3.3333e-02, 2.2222e-02,  ..., 5.1282e-03,\n",
       "           4.7619e-03, 4.4444e-03],\n",
       "          [3.3333e-02, 1.6667e-02, 1.1111e-02,  ..., 2.5641e-03,\n",
       "           2.3810e-03, 2.2222e-03],\n",
       "          [2.2222e-02, 1.1111e-02, 7.4074e-03,  ..., 1.7094e-03,\n",
       "           1.5873e-03, 1.4815e-03],\n",
       "          ...,\n",
       "          [5.1282e-03, 2.5641e-03, 1.7094e-03,  ..., 3.9448e-04,\n",
       "           3.6630e-04, 3.4188e-04],\n",
       "          [4.7619e-03, 2.3810e-03, 1.5873e-03,  ..., 3.6630e-04,\n",
       "           3.4014e-04, 3.1746e-04],\n",
       "          [4.4444e-03, 2.2222e-03, 1.4815e-03,  ..., 3.4188e-04,\n",
       "           3.1746e-04, 2.9630e-04]]], grad_fn=<SqueezeBackward0>),\n",
       " tensor([[[6.0000, 3.0000, 2.3333,  ..., 1.3077, 1.2857, 1.2667],\n",
       "          [3.0000, 1.5000, 1.1667,  ..., 0.6538, 0.6429, 0.6333],\n",
       "          [2.3333, 1.1667, 0.8889,  ..., 0.4615, 0.4524, 0.4444],\n",
       "          ...,\n",
       "          [1.3077, 0.6538, 0.4615,  ..., 0.1657, 0.1593, 0.1538],\n",
       "          [1.2857, 0.6429, 0.4524,  ..., 0.1593, 0.1531, 0.1476],\n",
       "          [1.2667, 0.6333, 0.4444,  ..., 0.1538, 0.1476, 0.1422]],\n",
       " \n",
       "         [[3.0000, 1.5000, 1.1667,  ..., 0.6538, 0.6429, 0.6333],\n",
       "          [1.5000, 0.7500, 0.5833,  ..., 0.3269, 0.3214, 0.3167],\n",
       "          [1.1667, 0.5833, 0.4444,  ..., 0.2308, 0.2262, 0.2222],\n",
       "          ...,\n",
       "          [0.6538, 0.3269, 0.2308,  ..., 0.0828, 0.0797, 0.0769],\n",
       "          [0.6429, 0.3214, 0.2262,  ..., 0.0797, 0.0765, 0.0738],\n",
       "          [0.6333, 0.3167, 0.2222,  ..., 0.0769, 0.0738, 0.0711]],\n",
       " \n",
       "         [[2.3333, 1.1667, 0.8889,  ..., 0.4615, 0.4524, 0.4444],\n",
       "          [1.1667, 0.5833, 0.4444,  ..., 0.2308, 0.2262, 0.2222],\n",
